5475
5105
5105
5105
5105
5105
5105
5105
5105
5105
5105
5105
5105
5105
5105
5105
5105
5105
5105
5105
5105
5105
5105
5105
5105
5105
5105
5105
5105
5105
5105
5105
5105
5105
5105
5105
5105
5105
4889
4889
4889
4889
4889
4889
4889
4889
4889
4889
4862
4862
4862
4862
4862
4862
4862
4862
4862
4862
4862
4862
4862
4862
4862
4862
4862
4862
4862
4862
4639
4639
4639
4639
4639
4639
4639
4639
4639
4639
4639
4639
4533
4533
4533
4533
4533
4533
4533
4533
4533
4533
4533
4533
4533
4533
4533
4533
4533
4533
4533
4533
4533
4533
4533
4533
4533
4533
4487
4487
4487
4487
4487
4487
4487
4487
4487
4487
4487
4487
4487
4487
4487
4487
4487
4487
4487
4487
4518
4487
4487
4487
4487
4487
4487
4487
4487
4487
4487
4487
4487
4487
4487
4487
4487
4487
4487
4487
4487
4487
4487
4518
4487
4487
4487
4487
4487
4487
4487
4487
4487
4487
4487
4487
4487
4487
4487
4387
4387
4387
4387
4387
4387
4387
4460
4460
4387
4387
4387
4387
4387
4387
4387
4387
4387
4387
4387
4387
4387
4387
4387
4418
4387
4387
4387
4387
4387
4387
4387
4387
4387
4387
4387
4387
4387
4387
4387
4387
4429
4387
4387
4387
4387
4387
4387
4387
4387
4387
4387
4387
4387
4387
4387
4387
4387
4387
4387
4387
4387
4387
4387
4387
4387
4387
4387
4387
4387
4387
4387
4387
4387
4387
4387
4387
4387
4387
4387
4387
4387
4387
4387
4387
4387
4387
4387
4387
4387
4387
4387
4387
4455
4486
4455
4455
4455
4455
4455
4455
4455
4455
4455
4455
4455
4455
4455
4455
4455
4455
4455
4455
4455
4455
4455
4455
4455
4455
4455
4455
4455
4455
4455
4455
4455
4455
4387
4455
4455
4455
4455
4455
4455
4455
4455
4455
4455
4455
4455
4455
4455
4455
4455
4455
4429
4455
4455
4455
4455
4455
4455
4455
4455
4455
4455
4455
4455
4455
4455
4455
4455
4455
4455
4455
4455
4455
4455
4455
4455
4455
4455
4455
4455
4455
4455
4455
4455
4455
4455
4455
4455
4455
4455
4455
4455
4455
4455
4455
4455
4455
4387
4387
4387
4387
4387
4387
4387
4387
4387
4455
4455
4455
4455
4455
4455
4455
4455
4455
4455
4455
4455
4387
4387
4387
4387
4387
4387
4387
4387
4387
4387
4387
4387
4387
4387
4387
4387
4387
4387
4387
4387
4387
4387
4387
4387
4387
4387
4560
4647
4647
4647
4647
4647
4647
4647
4647
4647
4647
4647
4647
4377
4377
4377
4377
4377
4377
4377
4377
4377
4377
4377
4377
4377
4377
4377
4377
4377
4377
4377
4377
4377
4377
4377
4377
4377
4377
4377
4377
4377
4377
4377
4377
4377
4377
4377
4377
4548
4435
4377
4377
4377
4377
4377
4377
4377
4377
4377
4377
4377
4377
4377
4377
4377
4377
4377
4445
4445
4445
4445
4445
4445
4445
4445
4445
4445
4445
4445
4445
4445
4445
4450
4445
4445
4445
4445
4445
4445
4445
4445
4445
4445
4445
4445
4445
