6501
5512
5485
5485
5485
5203
5485
5485
5485
5485
5485
5402
5485
5485
5485
5485
5485
5485
5485
5485
5485
5485
5318
5318
5318
5318
5318
5318
5318
5318
5318
5318
5318
5318
5318
5318
5318
5318
5318
5318
5318
5318
5318
5318
5318
5318
5318
5318
5318
5318
5318
5318
4877
4877
4877
4877
4877
4846
4877
4877
4877
4877
4877
4877
4877
4877
4877
4846
4877
4877
4877
4877
4566
4566
4566
4482
4132
4152
4152
4152
4152
4152
4152
4152
4152
4152
4152
4152
4152
4152
4152
4152
4152
4152
4152
4152
4106
4106
4106
4106
4106
4106
4106
4106
4142
4106
4106
4106
4106
4106
4106
4106
4106
4106
4106
4106
4106
4106
4106
4106
4106
4106
4106
4106
4106
4106
4106
4106
4106
4142
4106
4106
4106
4106
4106
4106
4106
4106
4106
4106
4106
4106
4106
4106
4106
4106
4106
4106
4106
4106
4106
4106
4106
4106
4106
4142
4106
4106
4106
4106
4106
4106
4106
4106
4106
4106
4106
4106
4106
4106
4106
4106
4106
4106
4106
4106
4106
4106
4106
4106
4106
4106
4106
4106
4106
4106
4106
4106
4106
4106
4106
3684
3684
3684
3684
3684
3684
3684
3684
3684
3684
3684
3684
3684
3684
3684
3684
3776
3684
3684
3684
3684
3684
3684
3684
3684
3684
3684
3684
3684
3684
3684
3684
3684
3684
3684
3684
3684
3684
3684
3684
3684
3684
3684
3684
3684
3684
3684
3684
3684
3684
3684
3684
3684
3684
3710
3863
3684
3684
3684
3684
3684
3684
3684
3684
3684
3684
3863
3684
3684
3684
3684
3684
3684
3684
3684
3684
3684
3985
3684
3684
3684
3684
3684
3684
3684
3684
3684
3684
3684
3684
3684
3684
3684
3684
3684
3684
3684
3684
3684
3684
3684
3684
3684
3684
3710
3710
3684
3684
3684
3684
3684
3684
3684
3684
3684
3684
3684
3684
3684
3684
3684
3684
3684
3684
3684
3684
3684
3684
3684
3684
3684
3684
3710
3684
3684
3684
3684
3684
3684
3684
3684
3684
3684
3684
3684
3684
3684
3684
3684
3710
3684
3684
3684
3684
3684
3684
3684
3684
3723
3723
3723
3723
3723
3723
3646
3723
3723
3723
3723
3723
3723
3723
3723
3723
3723
3723
3723
3723
3723
3723
3723
3723
3723
3723
3723
3723
3723
3723
3723
3723
3723
3723
3723
3723
3723
3723
3723
3723
3723
3723
3723
3723
3723
3723
3723
3723
3723
3723
3723
3723
3723
3723
3723
3646
3646
3646
3646
3646
3646
3646
3646
3646
3646
3825
3646
3646
3646
3646
3646
3646
3646
3646
3646
3646
3646
3646
3646
3646
3646
3646
3646
3646
3646
3646
3646
3646
3646
3646
3646
3646
3646
3646
3646
3646
3646
3684
3646
3646
3646
3646
3646
3646
3646
3646
3646
3825
3646
3646
3646
3646
3646
3646
3646
3814
3814
3814
3814
3814
3814
3814
3814
3814
3814
3814
3814
3814
3814
3814
3814
3814
3814
3814
3814
3814
3814
3814
3814
3814
3814
3814
3814
3814
3814
3814
3814
3814
3814
3814
3814
