5886
4726
4356
4248
4248
4241
4241
4241
4241
3769
3769
3769
3769
3769
3769
3769
3769
3769
3769
3769
3769
3769
3769
3721
3769
3769
3769
3769
3769
3769
3547
3721
3721
3721
3721
3721
3721
3721
3721
3721
3547
3364
3364
3364
3364
3364
3364
3364
3364
3364
3364
3364
3364
3364
3364
3364
3364
3364
3364
3364
3364
3364
3364
3364
3364
3364
3364
3364
3364
3364
3364
3364
3364
3364
3364
3364
3364
3364
3364
3364
3364
3364
3364
3364
3364
3364
3364
3364
3364
3364
3364
3364
3364
3364
3364
3364
3364
3364
3364
3364
3364
3364
3364
3364
3364
3364
3364
3364
3364
3364
3364
3364
3364
3364
3364
3364
3364
3364
3364
3364
3364
3364
3364
3364
3364
3364
3364
3364
3364
3364
3364
3364
3451
3364
3517
3364
3364
3364
3364
3364
3364
3364
3364
3364
3364
3364
3364
3364
3364
3364
3364
3364
3364
3364
3364
3364
3364
3364
3364
3364
3364
3364
3364
3364
3364
3364
3364
3364
3364
3364
3364
3364
3364
3364
3364
3364
3364
3364
3364
3364
3547
3364
3364
3364
3364
3364
3364
3364
3364
3451
3364
3364
3364
3364
3364
3364
3364
3364
3364
3364
3364
3364
3364
3364
3364
3364
3364
3364
3364
3364
3364
3364
3364
3364
3364
3364
3364
3364
3364
3364
3364
3364
3364
3364
3364
3364
3364
3364
3364
3364
3364
3364
3364
3364
3364
3364
3364
3364
3517
3364
3364
3364
3364
3364
3364
3364
3364
3451
3492
3364
3364
3364
3364
3364
3364
3364
3364
3364
3543
3364
3364
3364
3364
3364
3364
3364
3364
3364
3364
3364
3364
3364
3364
3364
3364
3364
3364
3364
3364
3364
3364
3364
3364
3364
3364
3364
3364
3364
3364
3364
3364
3364
3364
3364
3364
3364
3364
3364
3364
3364
3364
3364
3364
3364
3364
3364
3364
3364
3364
3364
3364
3364
3364
3364
3364
3364
3364
3364
3364
3364
3364
3364
3364
3364
3364
3364
3364
3364
3364
3492
3364
3364
3364
3364
3364
3364
3364
3364
3364
3364
3364
3543
3364
3364
3364
3364
3364
3364
3364
3364
3364
3364
3364
3364
3364
3364
3364
3364
3364
3364
3364
3364
3364
3364
3364
3364
3364
3364
3364
3364
3364
3364
3364
3364
3364
3364
3364
3492
3364
3364
3364
3364
3364
3364
3364
3364
3364
3364
3364
3364
3364
3364
3364
3364
3364
3364
3364
3364
3364
3364
3364
3364
3451
3364
3364
3364
3364
3364
3364
3364
3364
3364
3364
3364
3364
3364
3364
3364
3364
3364
3364
3364
3364
3364
3364
3364
3364
3364
3364
3364
3364
3364
3364
3364
3364
3364
3364
3364
3364
3364
3364
3364
3364
3364
3364
3364
3364
3364
3364
3364
3364
3364
3364
3364
3364
3364
3364
3364
3364
3364
3364
3364
3364
3364
3364
3364
3364
3364
3364
3364
3364
3364
3364
3364
3364
3364
3364
3364
3364
3364
3364
3364
3364
3364
3364
3364
3364
3364
3364
3364
3364
3364
3364
3364
3364
3364
3364
3364
3364
3364
