5955
5233
5233
5296
5296
5296
5296
5296
5296
5296
5296
5296
5296
5296
5296
5296
5296
5296
5296
5296
5296
5296
5296
5296
5296
5233
5296
5296
5296
5296
5296
5296
5296
5296
5296
5296
5296
5296
5296
5296
5296
5296
5296
5296
5296
5296
5296
5296
5296
5296
5296
5296
5296
4866
4883
4742
4742
4742
4742
4742
4742
4742
4742
4742
4742
4742
4742
4742
4742
4742
4742
4742
4742
4742
4742
4582
4582
4582
4582
4582
4582
4582
4582
4344
4582
4582
4582
4582
4582
4582
4582
4582
4582
4582
4582
4582
4582
4582
4582
4582
4582
4582
4253
4103
4167
4047
4047
4047
4047
4047
4047
4047
4047
4047
4047
4047
4047
4047
4047
4047
4047
4047
4047
4047
4047
4047
4047
4047
4047
4047
4077
4047
4047
4047
4047
4047
4047
4047
4047
4047
4047
4047
4047
4047
4047
4047
4047
4047
4047
4047
4047
4047
4047
4047
4047
4047
4047
4047
4047
4047
4047
4047
4047
4047
4047
4047
4047
4047
4047
4047
4047
4047
4081
4081
4081
4081
4047
4047
4047
4047
4047
4047
4047
4047
4047
4047
4047
4047
4047
4047
4047
4047
4047
4047
4047
4047
4047
4047
4047
4047
4210
4198
4198
4198
4198
4198
4198
4198
4198
4198
4198
4198
4198
4198
4198
4167
4198
4198
4198
4198
4198
4198
4198
4198
4198
4198
4198
4198
4198
4198
4198
4198
4198
4198
4198
4198
4198
4198
4198
4198
4198
4198
4198
4198
4198
4198
4198
4198
4198
4198
4198
4198
4198
4198
4198
4198
4198
4198
4198
4198
4198
4198
4198
4047
4047
4047
4047
4047
4047
4047
4077
4047
4047
4047
4047
4047
4047
4047
4081
4081
4081
4081
4081
4081
4081
4081
4081
4081
4081
4047
4047
4047
4047
4047
4047
4047
4077
4047
4047
4047
4047
4047
4047
4047
4047
4047
4047
4047
4047
4047
4047
4047
4047
4103
4047
4047
4047
4047
4047
4047
4081
4081
4081
4081
4081
4081
4081
4081
4081
4081
4081
4081
4081
4081
4081
4081
4081
4081
4081
4081
4081
4081
4081
4081
4081
4081
4081
4081
4081
4081
4081
4081
4081
4081
4081
4081
4081
4081
4081
4081
4081
4081
4047
4047
4047
4047
4047
4047
4047
4047
4047
4047
4047
4047
4047
4047
4047
4047
4047
4047
4047
4047
4047
4047
4047
4047
4047
4047
4047
4047
4047
4047
4047
4047
4047
4047
4047
4047
4047
4047
4047
4047
4081
4081
4081
4081
4081
4081
4081
4081
4081
4081
4081
4081
4081
4081
4081
4081
4081
4081
4081
4081
4081
4047
4047
4047
4047
4047
4047
4047
4047
4047
4081
4081
4081
4081
4081
4081
4081
4081
4081
4081
4081
4081
4081
4081
4081
4081
4081
4081
4081
4081
4081
4081
4081
4081
4081
4081
4081
4081
4081
4081
4081
4081
4081
4081
4081
4081
4081
4081
4047
4047
4047
4047
4047
4047
4047
4047
4077
4047
4047
4047
4047
4047
4047
4047
4047
4047
4047
4047
4047
4047
4047
4047
4047
4047
4047
4047
4047
4047
