35229
34700
34079
33407
32752
32426
31271
30998
30944
30496
30762
30439
30624
29838
29572
29416
29340
29300
29200
29200
29200
29200
29004
29200
29004
29200
29200
29004
28892
28892
28892
28892
28892
28892
28892
28892
28892
28892
28892
28892
28892
28892
28892
28892
28892
28892
28892
28892
28892
28892
28892
28892
28892
28892
28892
28892
28892
28892
28892
28892
28892
28892
28892
28892
28892
28892
28892
28892
28892
28892
28892
28892
28892
28892
28892
28892
28892
28892
28892
28892
28892
28892
28892
28892
28892
28892
28892
28892
28892
28892
28892
28892
28892
28892
28892
28892
28892
28892
28892
28892
28892
28892
28892
28892
28892
28892
28892
28892
28892
28892
28892
28892
28892
28892
28892
28892
28892
28892
28892
28892
28892
28892
28892
28892
28892
28892
28892
28892
28892
28892
28892
28892
28892
28892
28892
28892
28892
28892
28892
28892
28892
28892
28892
28892
28892
28892
28892
28892
28892
28892
28892
28892
28892
28892
28892
28892
28892
28892
28892
28892
28892
28892
28892
28892
28892
28892
28892
28892
28892
28892
28892
28892
28892
28892
28892
28892
28892
28892
28892
28892
28892
28892
28892
28892
28892
28892
28892
28892
28892
28892
28892
28892
28892
28892
28892
28892
28892
28892
28892
28892
28892
28892
28892
28892
28892
28892
28892
28892
28892
28892
28892
28892
28892
28892
28892
28892
28892
28892
28892
28892
28892
28892
28892
28892
28892
28892
28892
28892
28892
28892
28892
28892
28892
28892
28892
28892
28892
28892
28892
28892
28892
28892
28892
28892
28892
28892
28892
28892
28892
28892
28892
28892
28892
28892
28892
28892
28892
28892
28892
28892
28892
28892
28892
28892
28892
28892
28892
28892
28892
28892
28892
28892
28892
28892
28892
28892
28892
28892
28892
28892
28892
28892
28892
28892
28892
28892
28892
28892
28892
28892
28892
28892
28892
28892
28892
28892
28892
28892
28892
28892
28892
28892
28892
28892
28892
28892
28892
28892
28892
28892
28892
28892
28892
28892
28892
28892
28892
28892
28892
28892
28892
28892
28892
28892
28892
28892
28892
28892
28892
28892
28892
28892
28892
28892
28892
28892
28892
28892
28892
28892
28892
28892
28892
28892
28892
28892
28892
28892
28892
28892
28892
28892
28892
28892
28892
28892
28892
28892
28892
28892
28892
28892
28892
28892
28892
28892
28892
28892
28892
28892
28892
28892
28892
28892
28892
28892
28892
28892
28892
28892
28892
28892
28892
28892
28892
28892
28892
28892
28892
28892
28892
28892
28892
28892
28892
28892
28892
28892
28892
28892
28892
28892
28892
28892
28892
28892
28892
28892
28892
28892
28892
28892
28892
28892
28892
28892
28892
28892
28892
28892
28892
28892
28892
28892
28892
28892
28892
28892
28892
28892
28892
28892
28892
28892
28892
28892
28892
28892
28892
28892
28892
28892
28892
28892
28892
28892
28892
28892
28892
28892
28892
28892
28892
28892
28892
28892
28892
28892
28892
28892
28892
28892
28892
28892
28892
28892
28892
28892
28892
28892
28892
28892
28892
28892
28892
28892
28892
28892
28892
28892
28892
28892
28892
28892
28892
28892
28892
28892
28892
28892
28892
28892
28892
28892
28892
28892
28892
28892
28892
28892
